SignBank Ś Test Set Evaluation
Test Accuracy: 0.9678 (96.78%)

              precision    recall  f1-score   support

           0      0.930     0.909     0.920        44
           1      1.000     1.000     1.000        42
          10      0.909     1.000     0.952        40
         100      0.938     0.750     0.833        40
        1000      0.792     0.950     0.864        40
           2      1.000     0.976     0.988        41
          20      0.981     0.981     0.981        53
           3      1.000     1.000     1.000        40
           4      1.000     0.976     0.988        41
           5      0.977     1.000     0.988        42
          50      0.923     0.900     0.911        40
         500      0.902     0.925     0.914        40
           6      0.975     0.951     0.963        41
           7      0.952     0.976     0.964        41
           8      1.000     1.000     1.000        40
           9      1.000     0.905     0.950        42
           A      1.000     1.000     1.000        40
         ATM      0.976     1.000     0.988        40
           B      0.976     1.000     0.988        40
           C      0.976     1.000     0.988        41
           D      1.000     0.875     0.933        40
           E      0.979     1.000     0.989        46
           F      0.974     0.925     0.949        40
           G      0.976     1.000     0.988        40
           H      0.980     1.000     0.990        50
           I      0.974     0.950     0.962        40
           J      0.975     0.975     0.975        40
        JUTA      1.000     1.000     1.000        40
           K      1.000     0.956     0.977        45
   Kartu ATM      1.000     1.000     1.000        40
           L      1.000     1.000     1.000        40
           M      0.967     0.725     0.829        40
      MILYAR      0.952     1.000     0.976        40
           N      0.812     0.975     0.886        40
           O      1.000     1.000     1.000        41
           P      0.924     0.984     0.953        62
           Q      0.976     1.000     0.988        40
           R      1.000     1.000     1.000        40
        RIBU      0.881     0.925     0.902        40
           S      1.000     1.000     1.000        41
       Saldo      1.000     1.000     1.000        42
           T      0.952     1.000     0.976        40
    Transfer      1.000     1.000     1.000        40
           U      1.000     1.000     1.000        40
        Uang      1.000     1.000     1.000        41
           V      1.000     1.000     1.000        40
           W      1.000     0.950     0.974        40
           X      1.000     0.950     0.974        40
           Y      1.000     0.976     0.988        42
           Z      0.952     1.000     0.976        40

    accuracy                          0.968      2078
   macro avg      0.970     0.967     0.967      2078
weighted avg      0.969     0.968     0.967      2078
